3130292827           11  7 6543210
00001111110000010000 01000 0010111 auipc rd = 01000
nop
nop          20  15  
000000000000 01000 000 01000 0010011 addi rs1 = 01000
0000000 01000 11000 000 11000 0010011 add rs2=01000
0000000000000000000000101 0010011
0000000110000010100011000 1100011
0000000000100010100100110 0010011
0000000010000011000000110 0110011
0000000001010011001000000 0100011
0000000000010010100000101 0010011
1111111011011111111100000 1101111
0000000010100000000010001 0010011
0000000000000000000000000 1110011


add zero, zero, zero
